0
weights:
[   0.6511719227,    0.2714234591,      0.19311665,   -0.8607766032,   -0.5083221197,    0.3746996522,   -0.1887201518,  -0.08975852281,    0.4995417595,   -0.6475787163,    0.1466372013,   -0.6620507836,     0.496843487,    0.7778974771,   -0.4399159551,      0.35095191]
[   -0.210639298,    0.4345939159,   -0.4025302231,    0.8978276253,    0.0857180357,   -0.6897701621,    0.6035445929,    -0.552932322,   -0.2626729012,    -0.519875288,     0.511161685,   -0.2536348999,    0.2264832258,   -0.8460106254,   0.09221374989,  -0.03409945965]
[   0.5555693507,   -0.7167948484,    0.2641249597,   0.05068132281,   -0.2564793527,   -0.1417670548,    0.3521892428,   -0.6264121532,   -0.4116792679,    0.5955960751,   -0.8961223364,    0.8013600707,   -0.9583914876,    0.2994139194,    0.4385371208,  -0.03612834215]
[   0.6036622524,    0.2139377594,   0.06462507695,    -0.829716146,    0.5450910926,    0.7227307558,    0.7791647911,   -0.4684360325,    -0.535476923,    0.4653087854,   -0.6843857765,    0.5840603113,    0.4407084286,   -0.5039117336,   -0.7734388709,   -0.3900886178]
[   0.8035088778,   -0.9673988819,  -0.02597054467,   -0.6179127693,    0.0171225071,    0.6273002028,  -0.05074771494,   0.09781554341,    0.1689770222,    0.3131272793,    0.9999871254,   -0.3021329343,    0.6215876341,    0.2589594126,  -0.05703312159,    0.4241745472]
[  -0.6369452477,   -0.5142264366,    0.9129808545,    0.3236001432,    0.3119920194,   -0.3697664142,   -0.5726143718,    -0.176382646,   -0.5111745596,    0.9348102808,   -0.5913428068,   0.09944019467,    0.8093908429,   -0.5417260528,     0.185079813,   -0.6348884106]
[  -0.3063844144,   -0.7255368233,   -0.3733198941,    0.7771138549,    0.1272580922,   -0.6067008376,    0.8236523271,   -0.7096735835,   -0.6952204108,    0.2789167166,    0.7799112797,   0.06572166085,    0.6495293975,     0.401239872,    0.8886362314,     0.243645668]
[    0.563906908,    0.6083534956,    0.5945110321,    -0.306102246,   -0.8447205424,    0.7129897475,    0.7529497147,    0.7526833415,    0.4642970562,     0.519469738,    -0.749063015,   -0.1990265548,    0.5500214696,   -0.3662657142,  -0.09816485643,   -0.9182714224]
[  -0.4490928054,   -0.6866418123,   0.06122704968,   -0.8759968281,  -0.09262986481,   -0.3625455797,   -0.7562456727,   -0.8377033472,      -0.7490502,   -0.8130390644,    0.9955979586,    0.3147466779,    0.8663233519,     -0.34244591,   -0.3272977471,   -0.1720325351]
[  0.05765303224,   -0.1981112361,    0.4894783795,    -0.964821279,    0.8332844377,    0.3263475597,    0.7611579299,   -0.7704889774,    0.5869407654,   -0.7301951647,   -0.8918848634,   -0.7966535091,    0.4236973822,   -0.5371440649,     0.695368886,     0.391967535]
[  -0.0498162061,   -0.7404191494,   -0.1853608042,  -0.08999476582,    0.9053279757,    0.8364278674,    0.2200618088,  -0.06891047955,   -0.6717961431,    0.0404201746,    0.7410796881, -0.008143896237,    0.6938081384,   -0.8516780734,   -0.1309733987,    0.3478729725]
[    0.240775466,    -0.782382369,    0.7821604609,   -0.8796874285,     0.471965462,    0.1006153002,   -0.1877083629,    0.4625943899,    0.4901428223,   -0.8435357213,   -0.8553423882,    0.4587009251,    0.8547403812,    0.2661443949,   -0.9935370684,    0.2752803564]
[  -0.2497393191,    0.9978489876,   -0.3806777894,   -0.5298674703,   -0.3393376768,    0.2121653557,    0.1361647695,    0.8801604509,   -0.8509404063,   -0.8601871729,   -0.9916768074,   -0.5080301762,    0.1786655933,   -0.5526871681,   -0.3101140857,   -0.3057682514]
[  0.03568674996,   -0.5634862185,   -0.2577945292,    0.9343340397,    0.5557951927,    0.6149257421,   -0.5303052068,    0.7827227116,    0.9002081156,   -0.5906898379,    0.8461382389,    0.8803600669,   -0.1591348052,    0.3022642136,     0.196962595,   -0.6307550669]
[   0.8625451326,   0.02586483955,    0.5850700736,    0.7969768047,    0.2867774963,   -0.2038013637,    0.5370611548,    0.3084770739,   -0.8949414492,  -0.07715904713,    0.1877843142,    0.1225947514,   -0.7910944223,   0.02137196064,    0.6664866209,    0.2182117701]
[    0.817866683,    0.6782244444,     0.844142437,    0.6939047575,   -0.2395474166,    0.7449207902,   -0.4578233063,    -0.315571934,   0.04312670231,    0.6393545866,   -0.6392554641,    0.6787292361,    0.5092643499,    0.9429314137,   -0.5322165489,    0.2543157339]

biases:
[ 0.3417535126, -0.3432511091,  0.2683388889,  -0.595800817,  0.6007713675,  0.4319069386,  0.4573720098, -0.3546119034, 0.06488192081, -0.8247127533, -0.4790061116,  0.8681314588,  0.5121085644, -0.8125195503, -0.7774487734, -0.2767981887]

1
weights:
[  0.05326021835]
[   0.1864229441]
[   0.0162236616]
[  -0.4215918481]
[   0.0614846237]
[ -0.02825879119]
[ -0.05151168257]
[  0.02704415843]
[   0.9687263966]
[  -0.9928428531]
[   0.6547822952]
[  -0.0457104966]
[-0.009266755544]
[  -0.1270059943]
[   0.9172738791]
[   0.8378608227]

biases:
[0.03041537665]

